g = 9.81;
m = 0.48;
Ixx = 4.856e-3;
Iyy = 4.856e-3;
Izz = 8.801e-3;
Ir = 3.357e-5;
k = 2.98e-6;
d = 0.0382;
b = 0.114e-6;
l = 0.225;